rank,word,date,number_results,hard_mode,one_guess,two_guess,three_guess,four_guess,five_guess,six_guess,failed
7758,crank,2022-01-08,101503,1763,1,5,23,31,24,14,2
5764,gorge,2022-01-09,91477,1913,1,3,13,27,30,22,4
8221,query,2022-01-10,107134,2242,1,4,16,30,30,17,2
853,drink,2022-01-11,153880,3017,1,9,35,34,16,5,1
1338,favor,2022-01-12,137586,3073,1,4,15,26,29,21,4
3647,abbey,2022-01-13,132726,3345,1,2,13,29,31,20,3
4519,panic,2022-01-15,205880,4655,1,9,35,34,16,5,1
6537,solar,2022-01-16,209609,4955,1,9,32,32,18,7,1
11100,shire,2022-01-17,222197,5640,1,8,32,32,18,8,2
247,point,2022-01-19,280622,7094,1,16,37,28,12,4,1
18367,robot,2022-01-20,243964,6589,1,8,29,34,20,8,1
8355,prick,2022-01-21,273727,7409,1,8,30,33,19,7,1
11244,wince,2022-01-22,241489,6850,1,3,17,33,29,15,3
16232,crimp,2022-01-23,269929,7630,1,5,28,38,20,7,1
8563,knoll,2022-01-24,258038,8317,1,1,11,29,33,21,4
2206,sugar,2022-01-25,276404,8708,1,6,25,34,23,9,1
11023,whack,2022-01-26,302348,10163,1,4,22,37,24,10,2
1477,mount,2022-01-27,331844,11451,1,9,29,33,19,7,1
19516,perky,2022-01-28,296968,11148,1,4,17,30,27,17,4
65,could,2022-01-29,313220,11592,1,7,29,35,20,8,1
5502,wrung,2022-01-30,294687,11524,0,2,18,39,27,12,2
226,light,2022-01-31,341314,13347,1,10,25,27,19,12,5
119,those,2022-02-01,351663,13606,1,13,34,30,15,6,1
4906,moist,2022-02-02,361908,14205,3,13,32,29,16,7,1
4509,aloft,2022-02-05,319698,13708,1,4,22,36,25,11,2
1615,skill,2022-02-06,311018,13716,1,3,17,33,27,16,3
2185,elder,2022-02-07,288228,13340,1,3,13,24,30,24,5
1888,frame,2022-02-08,336236,15369,1,10,20,24,24,17,3
2566,humor,2022-02-09,305372,13846,1,5,22,34,25,11,2
1072,pause,2022-02-10,304830,13480,1,8,26,32,21,10,2
10885,ulcer,2022-02-11,278826,10631,1,4,18,30,28,16,3
11779,ultra,2022-02-12,269885,9310,1,7,23,34,24,10,1
3296,robin,2022-02-13,277471,9249,1,6,29,34,21,8,1
5794,cynic,2022-02-14,261521,10030,1,2,11,33,34,17,3
10084,aroma,2022-02-15,287836,10343,1,6,25,33,22,11,2
1537,shake,2022-02-17,342003,12767,1,6,16,23,24,21,9
8700,dodge,2022-02-18,265238,10220,1,3,15,29,27,19,7
15931,swill,2022-02-19,282327,11241,1,1,8,19,31,30,10
8663,tacit,2022-02-20,273306,11094,1,4,21,32,26,14,3
55,other,2022-02-21,278731,10887,1,9,26,30,21,10,2
6238,thorn,2022-02-22,309356,11814,1,14,38,30,12,4,0
15394,bloke,2022-02-24,250674,10405,1,6,21,32,25,12,2
3285,vivid,2022-02-25,255907,11687,1,2,10,29,33,21,4
9883,spill,2022-02-26,248363,10087,1,5,26,34,22,10,2
6439,chant,2022-02-27,250413,10438,1,9,33,33,16,7,1
3826,choke,2022-02-28,251094,10521,1,8,30,36,18,6,1
14564,rupee,2022-03-01,240137,10577,1,2,17,35,30,13,2
5910,nasty,2022-03-02,257304,10813,1,7,26,31,21,11,2
2325,mourn,2022-03-03,240018,10465,1,8,29,34,19,8,1
1794,ahead,2022-03-04,203730,9396,1,5,20,35,26,12,2
9448,brine,2022-03-05,229895,10405,1,9,25,29,22,12,3
652,cloth,2022-03-06,218595,9911,1,8,33,34,17,7,1
7434,hoard,2022-03-07,218595,9823,1,9,30,34,19,7,1
702,sweet,2022-03-08,207473,9767,1,5,18,31,28,15,2
461,month,2022-03-09,201799,9435,1,5,26,37,22,8,1
5352,lapse,2022-03-10,208884,9960,0,8,31,34,19,7,1
429,watch,2022-03-11,226349,12400,1,6,14,18,17,24,20
3050,today,2022-03-12,192049,9353,1,7,29,35,20,7,1
7481,focus,2022-03-13,179436,8937,1,4,23,36,24,10,1
6525,smelt,2022-03-14,185406,9373,0,5,19,33,28,13,2
8023,tease,2022-03-15,202855,10024,1,16,32,30,16,6,1
13103,cater,2022-03-16,217856,11234,1,7,19,22,19,18,15
10100,movie,2022-03-17,169071,8847,1,5,18,30,26,16,3
16625,saute,2022-03-18,179830,9304,1,8,31,34,19,6,1
492,allow,2022-03-19,156311,8515,0,5,21,32,26,14,3
2488,renew,2022-03-20,154987,8417,0,4,20,33,27,13,2
38,their,2022-03-21,173636,9200,2,14,36,30,13,4,0
7840,purge,2022-03-23,156785,8555,1,4,22,35,26,11,2
2638,chest,2022-03-24,169066,9318,1,14,35,31,14,5,1
7648,nymph,2022-03-27,165468,9935,1,2,18,44,26,9,1
150,found,2022-03-28,173696,10613,1,6,17,22,20,21,14
115,shall,2022-03-29,149070,8494,0,3,17,30,28,17,4
3840,stove,2022-03-30,158139,9318,0,5,16,24,27,21,6
6010,lowly,2022-03-31,135219,8469,0,2,9,26,32,24,8
11162,snout,2022-04-01,144648,8913,1,4,19,27,26,18,5
17657,trope,2022-04-02,155079,9315,1,16,33,28,15,6,1
4916,fewer,2022-04-03,124532,7931,0,2,10,24,32,26,6
4727,shawl,2022-04-04,129651,7943,0,3,16,31,30,16,3
8517,natal,2022-04-05,121356,7702,0,2,14,32,32,17,3
10649,comma,2022-04-06,117856,7560,0,2,13,33,33,17,3
12621,foray,2022-04-07,117761,7574,0,2,14,31,31,19,4
3592,scare,2022-04-08,141158,9010,1,12,23,26,21,13,4
1782,stair,2022-04-09,134210,8537,2,21,36,26,11,4,1
515,black,2022-04-10,126241,7894,1,10,31,34,18,6,1
1411,royal,2022-04-12,114907,7275,1,5,24,36,23,9,1
10572,chunk,2022-04-13,123255,7835,1,4,29,42,18,5,1
10882,mince,2022-04-14,113448,7356,0,6,24,35,24,10,1
1479,shame,2022-04-15,129991,8522,1,11,22,25,21,15,5
3218,ample,2022-04-17,106081,7008,0,4,20,35,27,11,2
19003,flair,2022-04-18,112383,7341,1,8,30,36,18,6,1
4484,cargo,2022-04-20,102007,6796,0,5,20,34,27,12,2
7613,oxide,2022-04-21,97955,6960,0,2,11,30,33,21,4
870,plant,2022-04-22,119232,7731,2,19,39,28,10,3,0
2676,olive,2022-04-23,95562,6482,1,6,25,34,23,10,1
8120,inert,2022-04-24,97452,6743,0,7,27,34,22,9,1
13750,askew,2022-04-25,91548,6549,0,3,13,29,32,19,4
1201,shown,2022-04-27,98967,6564,0,6,26,36,22,8,1
8381,trash,2022-04-29,106652,7001,2,19,34,27,13,4,1
8441,larva,2022-04-30,77991,5749,0,2,10,25,35,23,4
15488,forgo,2022-05-01,77658,5699,0,1,9,26,37,23,3
542,story,2022-05-02,95643,6530,1,10,23,29,24,11,2
6842,hairy,2022-05-03,85817,5941,1,8,24,33,23,10,1
745,train,2022-05-04,107750,7243,6,26,32,22,10,3,0
4230,homer,2022-05-05,85979,6313,0,3,16,26,24,19,12
7287,badge,2022-05-06,76292,5482,0,4,20,35,26,12,2
1519,midst,2022-05-07,74458,5233,0,3,25,39,24,9,1
12772,canny,2022-05-08,72518,5256,0,2,10,30,34,20,4
6605,farce,2022-05-11,79446,5688,0,9,26,32,21,9,1
9578,tipsy,2022-05-13,77585,5522,0,6,33,38,17,5,1
2590,metal,2022-05-14,73225,5290,1,10,31,34,18,7,1
1394,yield,2022-05-15,67115,4963,0,4,16,29,29,18,4
15177,delve,2022-05-16,68349,5179,0,2,14,32,33,16,2
17,being,2022-05-17,70722,5142,0,4,22,37,26,10,1
8235,scour,2022-05-18,73933,5544,0,8,34,35,17,5,1
976,glass,2022-05-19,70920,5162,0,4,19,33,27,14,3
4549,scrap,2022-05-21,66814,4973,1,9,28,34,20,8,1
313,money,2022-05-22,67909,4928,1,7,26,36,21,8,1
9431,hinge,2022-05-23,66431,4906,0,5,25,37,22,9,2
9716,album,2022-05-24,63380,4809,0,5,26,35,24,9,1
10426,vouch,2022-05-25,62723,4835,0,2,9,25,33,24,6
8159,asset,2022-05-26,63188,4733,0,7,28,34,21,8,1
12237,tiara,2022-05-27,63846,4842,0,8,36,33,17,6,1
2835,crept,2022-05-28,60069,4562,0,4,27,38,22,7,1
14092,bayou,2022-05-29,56839,4435,0,6,17,33,29,13,2
14661,atoll,2022-05-30,60969,4741,0,6,28,36,21,8,1
7436,manor,2022-05-31,62768,4802,0,6,27,34,21,10,2
9775,creak,2022-06-01,63241,4797,0,5,21,32,25,14,3
7740,showy,2022-06-02,61278,4770,0,2,16,37,30,13,2
3806,phase,2022-06-03,65431,4957,1,13,38,32,13,3,0
8377,froth,2022-06-04,58263,4432,0,5,22,35,25,11,1
1696,depth,2022-06-05,56738,4329,0,6,28,39,20,6,1
2748,gloom,2022-06-06,58478,4548,0,2,14,35,35,13,1
2435,flood,2022-06-07,58991,4440,0,3,20,40,28,8,1
4332,trait,2022-06-08,61026,4607,0,6,22,35,24,11,2
10610,girth,2022-06-09,60020,4665,0,6,23,33,23,12,3
4048,piety,2022-06-10,55376,4324,0,4,25,41,22,7,1
5334,goose,2022-06-11,51958,4087,0,2,12,28,32,21,5
2050,float,2022-06-12,56684,4323,1,12,30,32,18,6,1
3963,donor,2022-06-13,53802,4142,0,3,27,38,23,7,1
5250,atone,2022-06-14,59968,4762,2,16,34,29,14,4,1
14666,primo,2022-06-15,55989,4391,0,3,22,38,25,10,2
4884,apron,2022-06-16,53430,4112,0,7,30,38,19,5,1
3683,blown,2022-06-17,54665,4251,0,6,23,35,26,10,1
9094,loser,2022-06-19,55359,4399,1,10,28,32,19,8,2
17162,input,2022-06-20,50484,3950,0,5,30,38,21,6,1
10542,gloat,2022-06-21,53342,4194,0,8,21,31,26,12,2
1347,awful,2022-06-22,47645,3861,0,5,21,33,27,12,2
5519,brink,2022-06-23,53111,4118,0,4,22,41,24,7,1
6931,smite,2022-06-24,50617,3991,0,6,23,35,24,11,2
5731,rusty,2022-06-26,50540,3954,0,9,37,34,13,5,1
18721,retro,2022-06-27,47986,3848,0,6,24,35,24,9,1
7363,droll,2022-06-28,47312,3844,0,2,16,31,31,17,3
16052,gawky,2022-06-29,45645,3957,0,1,5,22,33,28,10
17089,hutch,2022-06-30,44212,3758,0,1,12,28,28,21,9
15682,pinto,2022-07-01,47248,3792,0,5,25,41,22,6,1
19718,egret,2022-07-02,41765,3515,0,3,14,33,33,15,2
8585,lilac,2022-07-03,40486,3461,0,2,17,38,29,12,1
342,sever,2022-07-04,42645,3591,0,2,13,27,29,21,7
657,field,2022-07-05,44578,3604,1,6,25,36,23,9,1
15214,fluff,2022-07-06,47344,4049,0,0,4,25,44,23,4
13882,agape,2022-07-07,43407,3671,0,2,18,36,27,15,3
261,voice,2022-07-08,42806,3484,1,5,24,35,25,9,1
5066,stead,2022-07-09,47094,3933,1,6,20,27,28,16,3
6194,berth,2022-07-10,41785,3494,0,7,24,35,24,9,1
2303,madam,2022-07-11,40545,3430,0,3,13,35,34,14,2
192,night,2022-07-12,46910,3870,1,8,27,27,17,13,7
8553,bland,2022-07-13,46246,3727,0,7,31,38,18,4,0
5818,liver,2022-07-14,40549,3388,0,4,16,26,25,20,8
8639,wedge,2022-07-15,39234,3353,0,2,11,32,37,17,2
9912,roomy,2022-07-16,38769,3280,0,2,17,41,28,10,2
3580,flock,2022-07-18,42574,3548,0,4,22,37,27,9,1
1432,angry,2022-07-19,39667,3358,0,5,27,38,21,7,1
10545,trite,2022-07-20,42237,3685,0,4,14,22,22,23,15
12276,tryst,2022-07-22,43099,3665,0,3,26,41,23,6,1
16734,midge,2022-07-23,36769,3111,0,2,18,39,28,10,2
217,power,2022-07-24,39813,3401,2,6,19,29,24,15,4
10079,elope,2022-07-25,39288,3339,0,4,22,32,26,13,2
5644,motto,2022-07-27,38284,3285,0,1,11,36,36,14,1
3764,upset,2022-07-29,37791,3213,0,5,30,38,20,6,1
5750,bluff,2022-07-30,37353,3171,0,2,14,42,31,10,1
